4.974184563827779 3.570027146724631 1.2047633860883915
4.9564457400032405 0.5189798673069796 1.11476615940532
5.283985195786971 -0.28970636177053527 1.0372803517380715
5.430718279700315 -0.5853468618870115 2.326465875069271
5.073237799270814 3.62056623987966 1.1617993220600353
5.276798426079469 3.973088144629222 2.332462220173296
5.329455794779705 -0.660878917144796 0.6189973191381145
5.329785477367113 -0.2819214714117081 1.0279044653768257
5.260883906255699 3.72219557380288 1.1139387990606737
5.250906286222563 4.238706884080283 0.5039987639414316
