-1.8894465519493129 2.941430743741248 2.603574908514774
0.2843690308476775 2.602114707659137 1.2586294966998206
-1.897739551864795 2.981657679334792 2.6033123209267934
0.5279581977132699 2.5878883004589417 1.1367657826757567
0.2695363389110139 2.039144765494013 0.3465992566493129
0.5445389764808077 1.2184728626919152 0.7387464376640872
-1.3921498605513543 0.5263577944969351 2.2855288715186783
-1.8847653077635451 2.822797021077157 2.403511022722671
-2.019357766851051 2.8940920617263433 2.5615600996019916
-1.9143325526529371 2.5056936013085016 2.5070888748284066
-2.0605283284905966 2.9288018460476177 2.605712357572296
-2.2850426145979488 3.115146491712064 2.6170416679086377
0.37774914703875323 2.397665074649426 0.8138667770682938
0.35520779501600813 2.3438445399421566 0.7714066777417334
0.3322548129457573 2.2852744184240663 0.6714406923310012
0.3491233284444068 2.3299695830459 0.7239413133010092
